frame,x_measure,y_measure,x_front_measure,y_front_measure,x_mid_measure,y_mid_measure,x_mid_est,y_mid_est,vx_mid_est,vy_mid_est
311,1845.68939208984,486.225296020508,1821.94097900391,482.3095703125,1833.81518554688,484.267433166504,1833.81518554688,484.267433166504,-126.692687988281,-14.5897399902344
312,1841.85583496094,485.877944946289,1817.51928710938,482.072250366211,1829.68756103516,483.97509765625,1829.57798703099,483.879308477914,-126.691932305494,-14.5890793752114
313,1838.18786621094,485.904037475586,1813.71374511719,481.752670288086,1825.95080566406,483.828353881836,1825.66091123516,483.651597067284,-126.589060991745,-14.5263558320383
314,1833.34356689453,485.582809448242,1809.25811767578,481.55143737793,1821.30084228516,483.567123413086,1821.29892329142,483.409536504871,-126.58746134479,-14.3949935390636
315,1828.9453125,484.436996459961,1804.7373046875,480.517211914063,1816.84130859375,482.477104187012,1816.87584915458,482.639878982461,-126.633954959223,-14.614097931031
316,1824.18212890625,483.612045288086,1799.76110839844,479.891876220703,1811.97161865234,481.751960754395,1812.17012123843,481.893757532833,-127.002095935121,-14.8770728646176
317,1820.89050292969,482.974044799805,1796.16467285156,479.578689575195,1808.52758789063,481.2763671875,1808.25816910785,481.314535160191,-126.372192677526,-14.9663098884281
318,1817.37561035156,482.168273925781,1792.92626953125,478.569274902344,1805.15093994141,480.368774414063,1804.69785818006,480.524465060212,-125.110850728719,-15.3997397012803
319,1813.75146484375,481.816940307617,1789.64056396484,478.028961181641,1801.6960144043,479.922950744629,1801.22434546366,479.948285490165,-123.60822017175,-15.4804504700338
320,1809.17950439453,481.422912597656,1784.89172363281,477.509429931641,1797.03561401367,479.466171264648,1797.00934122131,479.447723306934,-123.515185389392,-15.4151242684128
321,1805.23577880859,480.765716552734,1780.82202148438,477.179550170898,1793.02890014648,478.972633361816,1792.93005096664,478.95260623924,-123.134585158586,-15.3380135884155
322,1801.84539794922,480.625457763672,1777.232421875,477.021408081055,1789.53890991211,478.823432922363,1789.23729468325,478.68240391254,-121.893215221609,-14.7575748164757
323,1797.20056152344,480.46418762207,1772.85278320313,476.870376586914,1785.02667236328,478.667282104492,1785.0292744516,478.49384703428,-121.904510813428,-14.0046980817833
324,1792.92230224609,480.445465087891,1768.90295410156,476.859390258789,1780.91262817383,478.65242767334,1780.88219726484,478.427933445701,-121.766651517461,-12.9876855376581
325,1789.28125,479.69596862793,1764.99584960938,476.644714355469,1777.13854980469,478.170341491699,1776.97974183321,478.103965136488,-121.022161370266,-12.6765138628241
326,1784.65509033203,479.224227905273,1760.72821044922,475.81803894043,1772.69165039063,477.521133422852,1772.73163862653,477.571838601053,-121.214847853916,-12.9208407822257
327,1780.94165039063,479.127777099609,1756.85754394531,475.457153320313,1768.89959716797,477.292465209961,1768.77882732162,477.234760287775,-120.619926363726,-12.636581926752
328,1776.46472167969,478.092407226563,1752.20764160156,474.649536132813,1764.33618164063,476.370971679688,1764.43440492589,476.519359633541,-121.112433136773,-13.3806221216396
329,1772.74444580078,477.505401611328,1748.82513427734,474.391998291016,1760.78479003906,475.948699951172,1760.60246439443,475.98652340678,-120.185116014164,-13.5729940619277
330,1768.72900390625,476.434387207031,1744.63079833984,473.218780517578,1756.67990112305,474.826583862305,1756.60322185914,475.065837659744,-119.790635713712,-14.8038471647734
331,1766.02355957031,475.7978515625,1741.6796875,472.626937866211,1753.85162353516,474.212394714355,1753.37517814798,474.330879769622,-117.316915522558,-15.4190254862625
332,1761.43701171875,475.257705688477,1737.27130126953,472.624862670898,1749.35415649414,473.941284179688,1749.34573695559,473.892230804765,-117.27287717443,-15.1624520898263
333,1757.29211425781,474.281143188477,1733.28826904297,471.728393554688,1745.29019165039,473.004768371582,1745.29421202607,473.130564973258,-117.294030767187,-15.824342991152
334,1752.44610595703,473.818130493164,1728.25164794922,471.329177856445,1740.34887695313,472.573654174805,1740.65947968003,472.577531495666,-118.936098171496,-15.8448412728837
335,1748.26141357422,474.233627319336,1723.89862060547,471.337158203125,1736.08001708984,472.78539276123,1736.2448616427,472.525403397475,-119.810923957741,-14.4650844315131
336,1744.44714355469,472.633453369141,1720.37744140625,469.828094482422,1732.41229248047,471.230773925781,1732.3093122998,471.5050160697,-119.262729094673,-15.9249588806949
337,1741.75744628906,472.787551879883,1717.47149658203,470.23779296875,1729.61447143555,471.512672424316,1729.12607097628,471.320851717833,-116.656400928703,-14.9013158831461
338,1737.30255126953,472.139099121094,1713.19024658203,469.406829833984,1725.24639892578,470.772964477539,1725.19715698306,470.784692221427,-116.393102065431,-14.964024652619
339,1733.28985595703,472.548294067383,1708.93731689453,469.685485839844,1721.11358642578,471.116889953613,1721.13769851613,470.824784701426,-116.522235885288,-13.3996365605825
340,1729.1376953125,471.831268310547,1705.04968261719,469.407989501953,1717.09368896484,470.61962890625,1717.10264223077,470.531168354211,-116.570247007048,-12.9252744263419
341,1725.05169677734,472.045196533203,1700.75866699219,469.096252441406,1712.90518188477,470.570724487305,1712.96639746008,470.403650594978,-116.898847512763,-12.0284346069197
342,1720.61462402344,471.684173583984,1696.62377929688,468.750335693359,1708.61920166016,470.217254638672,1708.72806072478,470.138630684664,-117.483676673165,-11.6060390887334
343,1716.57739257813,471.519897460938,1692.43408203125,469.107803344727,1704.50573730469,470.313850402832,1704.56465954317,470.115760448051,-117.800437359367,-10.5411252018716
344,1712.74017333984,470.330154418945,1688.99792480469,468.012283325195,1700.86904907227,469.17121887207,1700.74289821097,469.371234727095,-117.121900813108,-11.6169646061493
345,1709.21673583984,469.904907226563,1685.39996337891,467.754959106445,1697.30834960938,468.829933166504,1697.10039707749,468.878369758205,-116.002893972933,-11.8776052289727
346,1705.73956298828,469.564071655273,1681.83728027344,467.075714111328,1693.78842163086,468.319892883301,1693.55156813691,468.371145973531,-114.727931791699,-12.1534962476185
347,1701.76239013672,469.371383666992,1677.32861328125,467.072387695313,1689.54550170898,468.221885681152,1689.56268749543,468.129013870992,-114.820466905003,-11.6534374633978
348,1697.24224853516,468.785934448242,1673.27294921875,466.637176513672,1685.25759887695,467.711555480957,1685.37660463387,467.716930159242,-115.461383040458,-11.6823832734571
349,1694.06976318359,468.522430419922,1670.08093261719,466.076736450195,1682.07534790039,467.299583435059,1681.84124859379,467.304576046997,-114.200396283086,-11.709276208899
350,1690.27923583984,468.522155761719,1666.27001953125,466.43229675293,1678.27462768555,467.477226257324,1678.14682828185,467.27883896338,-113.511900641857,-10.6405013695407
351,1686.68872070313,468.134292602539,1662.71368408203,465.92658996582,1674.70120239258,467.03044128418,1674.53993283605,466.989651776709,-112.642991180924,-10.4207302626343
352,1682.32855224609,467.337860107422,1658.35803222656,465.096618652344,1670.34329223633,466.217239379883,1670.45080922709,466.35940599214,-113.222338766785,-11.1867848463746
353,1678.91333007813,467.218612670898,1654.91223144531,465.028198242188,1666.91278076172,466.123405456543,1666.78675189872,466.071866910005,-112.543191095767,-10.9090525633472
354,1675.02117919922,466.778869628906,1651.02203369141,464.63671875,1663.02160644531,465.707794189453,1662.98180285155,465.703629332017,-112.328683705664,-10.886607537301
355,1671.11566162109,466.843505859375,1647.16815185547,464.774261474609,1659.14190673828,465.808883666992,1659.13037509542,465.643462272799,-112.266535033002,-9.99508494995202
356,1667.17980957031,466.91374206543,1643.28826904297,464.90803527832,1655.23403930664,465.910888671875,1655.24266937869,465.700235387545,-112.313047751124,-8.85974601224384
357,1662.99914550781,466.744506835938,1639.18212890625,464.902008056641,1651.09063720703,465.823257446289,1651.18671473287,465.675776048182,-112.830884013262,-8.06485443624415
358,1659.24029541016,466.753662109375,1635.04968261719,464.560729980469,1647.14498901367,465.657196044922,1647.19695837153,465.567881425834,-113.110994082327,-7.58345683674764
359,1655.53228759766,465.96711730957,1631.93347167969,464.036697387695,1643.73287963867,465.001907348633,1643.58272489977,465.106693986093,-112.301657775487,-8.14825839270586
360,1652.25524902344,465.152908325195,1628.78796386719,462.994644165039,1640.52160644531,464.073776245117,1640.2423762881,464.33256049589,-110.796579054584,-9.54313161495351
361,1648.13195800781,464.915756225586,1624.36370849609,463.099884033203,1636.24783325195,464.007820129395,1636.30770609539,464.006328865061,-111.11930384813,-9.53509344695438
362,1643.98706054688,464.630523681641,1620.31195068359,462.659088134766,1632.14950561523,463.644805908203,1632.26187172578,463.656068880131,-111.724982484965,-9.59580340168385
363,1639.54071044922,464.751724243164,1615.48736572266,463.130325317383,1627.51403808594,463.941024780273,1627.82214021971,463.729079757238,-113.385736055185,-8.45336258379468
364,1635.71832275391,464.784683227539,1611.74670410156,463.088439941406,1623.73251342773,463.936561584473,1623.79438305332,463.764837331892,-113.719232226665,-7.52771643276244
365,1632.88494873047,464.011245727539,1608.99682617188,462.27978515625,1620.94088745117,463.145515441895,1620.57338183198,463.269322702249,-111.738254199483,-8.19507891529534
366,1629.01171875,463.307174682617,1605.17858886719,461.557601928711,1617.09515380859,462.432388305664,1616.9661603103,462.623167539,-111.042933192577,-9.22344709175806
367,1624.82867431641,462.850845336914,1601.04925537109,461.605316162109,1612.93896484375,462.228080749512,1613.00715129093,462.254593158055,-111.41048374634,-9.36635892900486
368,1620.57794189453,462.663436889648,1596.89990234375,460.931488037109,1608.73892211914,461.797462463379,1608.88569894581,461.843631420212,-112.201668135016,-9.61522762794151
369,1617.59112548828,462.82942199707,1593.47662353516,461.20051574707,1605.53387451172,462.01496887207,1605.35587960976,461.841895886514,-111.242204012435,-8.68229461466443
370,1613.82159423828,462.701171875,1589.6640625,461.214828491211,1601.74282836914,461.958000183105,1601.66612144935,461.815007224912,-110.82872212371,-7.91150367967829
371,1610.04089355469,461.367172241211,1585.88366699219,460.002807617188,1597.96228027344,460.684989929199,1597.92172580211,460.979999220308,-110.6101165094,-9.50172752433689
372,1606.45092773438,461.600448608398,1582.31628417969,460.049255371094,1594.38360595703,460.824851989746,1594.28861245824,460.765486307703,-110.098061111497,-9.18172122572926
373,1602.81298828125,460.854919433594,1578.64880371094,459.635238647461,1590.73089599609,460.245079040527,1590.64872343231,460.315215855922,-109.655115603682,-9.55978886631486
374,1598.78668212891,460.994598388672,1574.56036376953,460.049072265625,1586.67352294922,460.521835327148,1586.74028480431,460.337277990294,-110.014991020682,-8.56494460280052
375,1594.87567138672,460.828048706055,1571.09417724609,459.69123840332,1582.98492431641,460.259643554688,1582.97175710944,460.184718810274,-109.944014009863,-8.16106742469463
376,1592.17443847656,460.634689331055,1568.36932373047,459.345169067383,1580.27188110352,459.989929199219,1579.89630944026,459.960116540904,-107.919517336483,-8.00036406635537
377,1588.3935546875,460.541442871094,1564.48663330078,459.623764038086,1576.44009399414,460.08260345459,1576.34884313515,459.945506666179,-107.427634829792,-7.26135171412749
378,1584.17529296875,460.859436035156,1560.19445800781,459.828994750977,1572.18487548828,460.344215393066,1572.3430360434,460.120826493814,-108.280190466908,-6.05718633176037
379,1581.16864013672,460.674682617188,1557.07446289063,459.984268188477,1569.12155151367,460.329475402832,1568.9452374119,460.185786099212,-107.32977891605,-5.28263697625384
380,1577.77020263672,461.121139526367,1553.57824707031,459.855529785156,1565.67422485352,460.488334655762,1565.52623472501,460.32152144511,-106.532046040402,-4.38343928264519
381,1573.76611328125,460.49494934082,1549.54333496094,459.195617675781,1561.65472412109,459.845283508301,1561.72286331478,459.957161994763,-106.899346779507,-4.98651437851299
382,1569.82775878906,460.403793334961,1545.56634521484,459.044082641602,1557.69705200195,459.723937988281,1557.81393516856,459.745025960441,-107.529399420967,-5.10018799763104
383,1566.7373046875,460.142303466797,1542.962890625,459.240905761719,1554.85009765625,459.691604614258,1554.59402378501,459.649464208917,-106.149046370747,-4.87303230709138
384,1563.10522460938,459.924423217773,1539.36260986328,459.027465820313,1551.23391723633,459.475944519043,1551.13060106116,459.477831878598,-105.592125789196,-4.88320602267279
385,1559.77655029297,459.819854736328,1535.5712890625,458.924438476563,1547.67391967773,459.372146606445,1547.61044903172,459.350567906415,-105.249990481028,-4.76688713120824
386,1555.97802734375,459.397308349609,1532.30517578125,458.411224365234,1544.1416015625,458.904266357422,1544.08637811644,459.001291692784,-104.952311271373,-5.28989732354222
387,1552.18731689453,459.713806152344,1528.60992431641,458.654403686523,1540.39862060547,459.184104919434,1540.42226805309,459.05841266697,-105.079781654352,-4.61235952686425
388,1548.50183105469,459.445907592773,1524.47705078125,458.404815673828,1536.48944091797,458.925361633301,1536.59591674474,458.916415120592,-105.653734289714,-4.56413379617841
389,1545.18359375,459.542861938477,1521.19256591797,458.556121826172,1533.18807983398,459.049491882324,1533.10706815828,458.949529367073,-105.217044879012,-4.02529082698962
390,1541.37670898438,459.130767822266,1517.39093017578,458.187133789063,1529.38381958008,458.658950805664,1529.41653966332,458.711184565311,-105.39342086506,-4.30685431798175
391,1538.43322753906,458.866729736328,1514.51599121094,458.01643371582,1526.474609375,458.441581726074,1526.23634439864,458.483255259293,-104.109065303266,-4.53149343610763
392,1534.54461669922,458.419677734375,1510.15374755859,457.689834594727,1522.34918212891,458.054756164551,1522.45146209689,458.14844824182,-104.660400416053,-5.03653594841476
393,1530.77862548828,458.28971862793,1506.8681640625,457.685760498047,1518.82339477539,457.987739562988,1518.82996394035,457.983277646033,-104.69581117553,-5.01248420529814
394,1526.60327148438,457.932647705078,1502.70611572266,456.996795654297,1514.65469360352,457.464721679688,1514.84916334065,457.583698914312,-105.744090704602,-5.65382512199368
395,1523.26428222656,457.867645263672,1498.95153808594,457.08251953125,1511.10791015625,457.475082397461,1511.14057194421,457.445367324761,-105.920152463387,-5.49364748661671
396,1519.53332519531,457.618530273438,1495.76208496094,456.548049926758,1507.64770507813,457.083290100098,1507.59279493606,457.14270481515,-105.624162046154,-5.81391958274393
397,1515.59625244141,457.453567504883,1491.91540527344,456.648880004883,1503.75582885742,457.051223754883,1503.82285362155,457.013711598619,-105.985455738875,-5.61171215040063
398,1511.72833251953,458.201919555664,1488.11419677734,457.252243041992,1499.92126464844,457.727081298828,1500.00624190649,457.414978108767,-106.443521468381,-3.92933525674557
399,1507.98553466797,458.330215454102,1483.92169189453,457.645370483398,1495.95361328125,457.98779296875,1496.08513507745,457.744027220513,-107.152483243433,-2.61532797768129
400,1504.1552734375,457.884811401367,1480.18090820313,456.979080200195,1492.16809082031,457.431945800781,1492.24453757718,457.508312251425,-107.564565728203,-3.02697757568726
401,1500.52001953125,458.022155761719,1476.59655761719,457.485977172852,1488.55828857422,457.754066467285,1488.55041646628,457.633567714798,-107.52213151729,-2.37743497285683
402,1496.96166992188,457.781463623047,1473.09320068359,457.194610595703,1485.02743530273,457.488037109375,1484.96387788354,457.509907975192,-107.179528372399,-2.49532880028725
403,1493.43896484375,457.806442260742,1469.60949707031,457.257537841797,1481.52423095703,457.53199005127,1481.43605969887,457.494777660949,-106.70424553749,-2.29473723865912
404,1489.51379394531,457.709350585938,1465.67358398438,457.19255065918,1477.59368896484,457.450950622559,1477.6497560781,457.43880144009,-107.006472556981,-2.22924766743524
405,1485.61169433594,457.335891723633,1461.81677246094,456.794372558594,1473.71423339844,457.065132141113,1473.7987722864,457.167275889552,-107.46217527965,-2.7798485256807
406,1482.21295166016,457.155303955078,1458.41833496094,456.766220092773,1470.31564331055,456.960762023926,1470.2390822151,456.998844816048,-107.049476455372,-2.98513194597297
407,1478.31524658203,457.384552001953,1454.57934570313,456.732421875,1466.44729614258,457.058486938477,1466.481857505,457.002535558119,-107.23577778196,-2.68352877835174
408,1474.53204345703,457.267990112305,1450.78527832031,456.876037597656,1462.65866088867,457.07201385498,1462.70182134729,457.016256553695,-107.468432114304,-2.38297178431158
409,1470.40466308594,457.501770019531,1446.64398193359,457.318817138672,1458.52432250977,457.410293579102,1458.68665567194,457.246405666353,-108.343481052251,-1.49954203974108
410,1466.70556640625,457.584289550781,1442.91815185547,457.709457397461,1454.81185913086,457.646873474121,1454.85963234314,457.49125632046,-108.601000206802,-0.660695415597228
411,1463.09649658203,457.482986450195,1438.70727539063,456.955322265625,1450.90188598633,457.21915435791,1450.97515045535,457.304958019,-108.995928728969,-1.12321583681933
412,1459.12609863281,457.069458007813,1435.23510742188,456.892059326172,1447.18060302734,456.980758666992,1447.19301558735,457.079002861561,-109.062838024107,-1.65279634288871
413,1455.67034912109,457.225128173828,1431.74792480469,457.00602722168,1443.70913696289,457.115577697754,1443.61383831995,457.083376183614,-108.54913536934,-1.47921566230469
414,1451.88287353516,457.268096923828,1427.92517089844,457.004653930664,1439.9040222168,457.136375427246,1439.89257658404,457.100581360263,-108.487438248049,-1.28626950202384
415,1447.21588134766,457.285858154297,1423.13433837891,456.992309570313,1435.17510986328,457.139083862305,1435.51118099599,457.110568621755,-110.299013185166,-1.13255949816475
416,1443.44342041016,457.327453613281,1419.28106689453,457.010070800781,1431.36224365234,457.168762207031,1431.48115598381,457.135294370664,-110.940004268435,-0.952152769748561
417,1439.24560546875,457.804992675781,1414.97161865234,457.486312866211,1427.10861206055,457.645652770996,1427.2968721259,457.458712623526,-111.954810905812,0.0555389150794457
418,1436.09851074219,457.400253295898,1411.71630859375,457.520370483398,1423.90740966797,457.460311889648,1423.74529764754,457.460420596434,-111.080954020499,0.0549529364923839
419,1431.95068359375,458.183639526367,1407.92156982422,457.750015258789,1419.93612670898,457.966827392578,1419.92882835923,457.793198818668,-111.041612624562,0.990889237819959
420,1428.03649902344,457.794692993164,1403.89935302734,457.920227050781,1415.96792602539,457.857460021973,1416.01331315641,457.847103602022,-111.286269725488,1.04671501099799
421,1424.05804443359,457.718811035156,1399.87725830078,457.406097412109,1411.96765136719,457.562454223633,1412.03930518316,457.672838444891,-111.672516101809,0.451694286885772
422,1420.48065185547,457.060516357422,1396.21411132813,457.301284790039,1408.3473815918,457.18090057373,1408.2927121352,457.355562176848,-111.377823080664,-0.489810507723886
423,1416.40057373047,457.181793212891,1392.00598144531,457.521011352539,1404.20327758789,457.351402282715,1404.28890937839,457.347021190197,-111.839417042282,-0.466194443642988
424,1412.23895263672,457.02897644043,1388.2294921875,457.444931030273,1400.23422241211,457.236953735352,1400.30241789381,457.269301159739,-112.207021437563,-0.640561646344587
425,1408.59167480469,457.298095703125,1384.48089599609,457.292556762695,1396.53628540039,457.29532623291,1396.50081192368,457.278767926601,-112.015803403338,-0.551304909297379
426,1404.75738525391,457.003341674805,1380.45458984375,457.11051940918,1392.60598754883,457.056930541992,1392.61707283217,457.126733737034,-112.075558078832,-0.927575604409897
427,1400.96551513672,457.205429077148,1376.52819824219,457.437438964844,1388.74685668945,457.321434020996,1388.74876388348,457.243419788583,-112.085838714558,-0.50704371555735
428,1396.9892578125,457.433990478516,1372.90734863281,457.892013549805,1384.94830322266,457.66300201416,1384.92608195157,457.512584875211,-111.966056043981,0.303772485556061
429,1393.02124023438,457.121002197266,1368.82446289063,457.274673461914,1380.9228515625,457.19783782959,1380.9718353174,457.309763491978,-112.230100569369,-0.299557301324467
430,1388.89379882813,457.888549804688,1364.55584716797,458.193023681641,1376.72482299805,458.040786743164,1376.85457120313,457.785648975197,-112.92950189747,1.07575030811026
431,1385.01916503906,457.46598815918,1361.05828857422,458.060699462891,1373.03872680664,457.763343811035,1373.01178787142,457.783786417781,-112.784288890005,0.965555440299212
432,1381.56481933594,457.384552001953,1357.32446289063,457.728118896484,1369.44464111328,457.556335449219,1369.33383577007,457.646071600624,-112.18699812864,0.481837122728521
433,1377.99731445313,457.180694580078,1353.59020996094,457.321136474609,1365.79376220703,457.250915527344,1365.68072780691,457.392627232406,-111.577691745444,-0.282052864521942
434,1373.58428955078,457.300552368164,1349.40954589844,457.695053100586,1361.49691772461,457.497802734375,1361.61265710707,457.458259210384,-112.201579203088,-0.0688954402703071
435,1369.20709228516,456.890853881836,1344.86029052734,457.030136108398,1357.03369140625,456.960494995117,1357.27802037519,457.130983751024,-113.51862251216,-0.987906706974842
436,1365.31500244141,457.046447753906,1340.78668212891,457.383438110352,1353.05084228516,457.214942932129,1353.15847323552,457.174324461992,-114.098801864758,-0.768954838309368
437,1361.38018798828,457.153213500977,1337.12280273438,457.679718017578,1349.25149536133,457.416465759277,1349.24204372956,457.324007025265,-114.047853307831,-0.270560572888298
438,1357.97784423828,456.941909790039,1334.00695800781,457.191116333008,1345.99240112305,457.066513061523,1345.75733111898,457.151919202299,-112.780719994254,-0.730938180791763
439,1354.01708984375,457.31282043457,1329.79693603516,457.831558227539,1341.90701293945,457.572189331055,1341.89370385138,457.418878426986,-112.708978008546,0.0954767191173035
440,1349.55145263672,457.226943969727,1325.05084228516,457.5283203125,1337.30114746094,457.377632141113,1337.54413223531,457.392960167597,-114.018775502783,0.0128517450533597
441,1345.59729003906,457.117721557617,1321.28662109375,457.230590820313,1333.44195556641,457.174156188965,1333.50063161169,457.249610447052,-114.335065843535,-0.393880727911583
442,1341.59814453125,457.556640625,1317.44427490234,457.979507446289,1329.5212097168,457.768074035645,1329.53388599692,457.584969654715,-114.403396709083,0.593134445981712
443,1337.17236328125,457.58464050293,1313.23345947266,457.851623535156,1325.20291137695,457.718132019043,1325.33576419249,457.679342878977,-115.119533287358,0.802225400732255
444,1333.15997314453,457.634765625,1308.89562988281,457.800552368164,1321.02780151367,457.717658996582,1321.14423612698,457.713992689975,-115.747168352751,0.821988446462101
445,1329.76354980469,457.718887329102,1305.23876953125,457.813903808594,1317.50115966797,457.766395568848,1317.38132428318,457.758115814535,-115.101201595666,0.866620055500746
446,1325.87286376953,457.269927978516,1301.56280517578,457.78840637207,1313.71783447266,457.529167175293,1313.61269025516,457.618244656879,-114.534426854451,0.38645226524106
447,1321.91632080078,457.373321533203,1297.36932373047,457.80419921875,1309.64282226563,457.588760375977,1309.64984467745,457.6034935827,-114.572280820573,0.307033637885554
448,1317.59832763672,457.496337890625,1293.30999755859,457.834533691406,1305.45416259766,457.665435791016,1305.53845006907,457.647761939379,-115.026628296234,0.402303667241133
449,1313.83563232422,457.588836669922,1289.30743408203,457.820816040039,1301.57153320313,457.70482635498,1301.57169888028,457.689961801324,-115.027521370797,0.482430313787612
450,1309.59326171875,457.854965209961,1285.82073974609,457.975387573242,1297.70700073242,457.915176391602,1297.67197707428,457.843393570489,-114.838728061466,0.869372086032832
451,1306.11840820313,457.541122436523,1282.09521484375,458.062103271484,1294.10681152344,457.801612854004,1293.97094370458,457.826308851865,-114.106339255848,0.736249522281768
452,1302.23553466797,457.847473144531,1277.88732910156,458.256912231445,1290.06143188477,458.052192687988,1290.05276286602,457.983191692786,-114.059609335983,1.10819599856233
453,1297.87438964844,458.175323486328,1273.69580078125,458.460662841797,1285.78509521484,458.317993164063,1285.90024066171,458.21592198815,-114.680295212999,1.65840566001998
454,1294.01928710938,457.606460571289,1269.46997070313,458.205505371094,1281.74462890625,457.905982971191,1281.81384427195,458.03232977705,-115.053397242929,0.977339407415209
455,1290.15936279297,457.970520019531,1265.7197265625,458.398086547852,1277.93954467773,458.184303283691,1277.9075182962,458.143599733031,-114.880760605977,1.19674989846503
456,1285.1533203125,457.828796386719,1260.84216308594,458.122055053711,1272.99774169922,457.975425720215,1273.32412513072,458.047505264885,-116.640114466133,0.80820865245497
457,1281.1650390625,458.634002685547,1257.02722167969,458.821990966797,1269.09613037109,458.727996826172,1269.1669987073,458.503395808547,-117.022126752394,2.01890940872412
458,1277.13262939453,458.963928222656,1253.14721679688,459.017547607422,1265.1399230957,458.990737915039,1265.13711132935,458.846977339749,-117.006970063933,2.79384373032794
459,1272.78527832031,458.767227172852,1248.38641357422,459.281265258789,1260.58584594727,459.02424621582,1260.7636148059,458.996394219345,-117.965224366921,2.94397854963026
460,1269.33654785156,459.027114868164,1244.57122802734,459.480026245117,1256.95388793945,459.253570556641,1256.86508323189,459.199999972837,-117.486526951622,3.23274815099173
461,1264.80426025391,458.301681518555,1240.65301513672,459.215103149414,1252.72863769531,458.758392333984,1252.75795459015,458.948736298737,-117.644558233592,2.20670835600551
462,1260.54510498047,458.308197021484,1236.46221923828,458.740829467773,1248.50366210938,458.524513244629,1248.57166081621,458.696697957416,-118.011101923623,1.27855511701708
463,1256.92291259766,458.016830444336,1232.46569824219,458.447189331055,1244.69430541992,458.232009887695,1244.62823073752,458.407106030743,-117.654929592806,0.33470795617499
464,1252.947265625,458.171508789063,1228.57586669922,458.58479309082,1240.76156616211,458.378150939941,1240.6960390193,458.39208795995,-117.301708747256,0.259581134210251
465,1249.01037597656,458.334716796875,1224.232421875,458.716110229492,1236.62139892578,458.525413513184,1236.63163867011,458.482609835153,-117.356905586215,0.490312258719727
466,1244.72802734375,458.326599121094,1220.57537841797,458.71891784668,1232.65170288086,458.522758483887,1232.62869494864,458.514759942816,-117.232882457416,0.533428001584529
467,1240.50915527344,458.917556762695,1215.90490722656,459.368835449219,1228.20703125,459.143196105957,1228.33751651049,458.93324913406,-117.936256846505,1.66513684395717
468,1235.89526367188,459.147415161133,1211.35803222656,460.125549316406,1223.62664794922,459.63648223877,1223.84831637742,459.414224103663,-119.1311496235,2.86320840705824
469,1231.75006103516,459.173950195313,1207.25860595703,459.768661499023,1219.50433349609,459.471305847168,1219.58555747748,459.48563961769,-119.568983506589,2.78594292093311
470,1227.92584228516,458.715286254883,1203.47998046875,459.44303894043,1215.70291137695,459.079162597656,1215.62016965542,459.252113932811,-119.122968319779,1.85365724171653
471,1223.82055664063,459.285873413086,1199.37530517578,459.646606445313,1211.5979309082,459.466239929199,1211.56852321619,459.414546022883,-118.964447600062,2.13231070523611
472,1218.69195556641,458.834548950195,1194.27972412109,459.811752319336,1206.48583984375,459.323150634766,1206.82326709457,459.379909269769,-120.783332625947,1.82635607043617
473,1215.17010498047,459.008056640625,1190.25842285156,459.575393676758,1202.71426391602,459.291725158691,1202.69501230671,459.343747772975,-120.679557771329,1.54593072276123
474,1211.57574462891,459.447311401367,1187.17736816406,460.210632324219,1199.37655639648,459.828971862793,1199.08646819509,459.680327227789,-119.115851566743,2.34719232841916
475,1207.46234130859,459.559310913086,1182.60876464844,460.576202392578,1195.03555297852,460.067756652832,1195.01609879636,459.962277019151,-119.010984753162,2.915775114105
476,1203.29522705078,459.176681518555,1178.97644042969,459.951309204102,1191.13583374023,459.563995361328,1191.0588945154,459.735667006548,-118.596247639851,1.99038754064234
477,1198.85687255859,459.414337158203,1174.52459716797,459.968215942383,1186.69073486328,459.691276550293,1186.78662716012,459.730174117728,-119.113150357095,1.78071211348184
478,1194.34399414063,459.304382324219,1169.99993896484,460.107116699219,1182.17196655273,459.705749511719,1182.34655831333,459.735287518966,-120.054278669073,1.62148893590661
479,1190.46594238281,459.158905029297,1165.55096435547,460.189254760742,1178.00845336914,459.67407989502,1178.07669940235,459.714387288545,-120.42215555981,1.40421391043875
480,1185.90399169922,459.706161499023,1161.48675537109,460.495346069336,1173.69537353516,460.10075378418,1173.77412841447,459.984449354356,-120.846679869444,2.0311472281696
481,1182.04901123047,460.033172607422,1157.11657714844,460.588623046875,1169.58279418945,460.310897827148,1169.59112518219,460.222654285575,-120.891587676689,2.50681970573982
482,1177.65954589844,460.037368774414,1153.20196533203,460.340866088867,1165.43075561523,460.189117431641,1165.4278971366,460.230408368228,-120.876179187984,2.28424293969425
483,1173.18469238281,460.337844848633,1148.7119140625,461.380599975586,1160.94830322266,460.859222412109,1161.05548917569,460.669922832927,-121.453959804363,3.3046530255458
484,1169.66760253906,460.855255126953,1145.21545410156,461.172027587891,1157.44152832031,461.013641357422,1157.24394856405,460.93456737128,-120.388915830563,3.73089746484106
485,1165.84002685547,460.607604980469,1141.36193847656,461.320724487305,1153.60098266602,460.964164733887,1153.42602423525,460.998254422293,-119.445811001028,3.54713867349207
486,1160.97955322266,460.714111328125,1136.46881103516,461.751312255859,1148.72418212891,461.232711791992,1148.92482976048,461.194117857947,-120.527392206017,3.75517737977188
487,1156.64971923828,460.342544555664,1132.11126708984,461.217819213867,1144.38049316406,460.780181884766,1144.51409957456,460.967202423944,-121.247591000923,2.74705234714666
488,1152.77008056641,460.577438354492,1128.16436767578,461.804092407227,1140.46722412109,461.190765380859,1140.42108166281,461.146425914453,-120.998862345388,2.9860620634801
489,1148.26977539063,461.001327514648,1124.13787841797,461.641555786133,1136.2038269043,461.321441650391,1136.21927249584,461.296646187792,-121.08212104815,3.11972078701178
490,1144.36639404297,461.356521606445,1119.70568847656,461.930892944336,1132.03604125977,461.643707275391,1132.03878954536,461.561288294947,-121.096935546696,3.5639962538354
491,1139.54010009766,461.621276855469,1115.34753417969,462.648132324219,1127.44381713867,462.134704589844,1127.58809100503,461.979657448194,-121.87463673861,4.3997702571675
492,1135.58135986328,461.897262573242,1110.84497070313,462.906127929688,1123.2131652832,462.401695251465,1123.27248051652,462.308663640561,-122.19437259109,4.90125258734428
493,1131.31298828125,461.903091430664,1106.43975830078,462.889846801758,1118.87637329102,462.396469116211,1118.93918377269,462.424415340422,-122.532949408184,4.75060983805735
494,1126.61785888672,461.910675048828,1102.17315673828,462.862411499023,1114.3955078125,462.386543273926,1114.50508632087,462.455953904977,-123.123626976577,4.3764552398494
495,1121.83648681641,461.861953735352,1097.30316162109,462.789123535156,1109.56982421875,462.325538635254,1109.80715798409,462.422357955384,-124.402962984138,3.85455544908815
496,1117.74719238281,461.877304077148,1093.18811035156,462.758834838867,1105.46765136719,462.318069458008,1105.4847726597,462.399703667384,-124.495254470689,3.41451025216787
497,1113.79180908203,462.041305541992,1089.23864746094,462.883773803711,1101.51522827148,462.462539672852,1101.40393121503,462.481435567596,-123.89531315322,3.31265285944724
498,1108.49676513672,462.746917724609,1083.89532470703,463.531494140625,1096.19604492188,463.139205932617,1096.51804491374,462.952145434777,-125.631038297263,4.32099328727935
499,1104.66534423828,462.980712890625,1080.01940917969,463.732376098633,1092.34237670898,463.356544494629,1092.2885388128,463.268648416055,-125.340827761652,4.79479278261635
500,1100.10668945313,462.850082397461,1075.77905273438,463.608215332031,1087.94287109375,463.229148864746,1087.9509828196,463.299643929452,-125.384553621497,4.41479259804437
501,1096.11657714844,463.019302368164,1071.15484619141,463.783843994141,1083.63571166992,463.401573181152,1083.63284345956,463.418885719822,-125.369092674386,4.32147020849505
502,1092.17846679688,463.002655029297,1067.59350585938,463.803207397461,1079.88598632813,463.402931213379,1079.68768099506,463.459706153273,-124.300137514469,4.01542768298014
503,1087.87091064453,463.081573486328,1063.16485595703,463.885147094727,1075.51788330078,463.483360290527,1075.4778192539,463.52287195416,-124.084174237114,3.80244200042246
504,1083.03570556641,463.321746826172,1058.18475341797,464.115036010742,1070.61022949219,463.718391418457,1070.8128746126,463.696227787863,-125.1765228076,3.92191396277271
505,1079.32482910156,463.083297729492,1054.77032470703,464.292221069336,1067.0475769043,463.687759399414,1066.85790320936,463.737216327048,-124.154096069128,3.65531882299242
506,1075.23791503906,463.536117553711,1050.62939453125,464.690124511719,1062.93365478516,464.113121032715,1062.81081767763,464.027131575533,-123.491948673049,4.11884076934166
507,1070.87237548828,463.621078491211,1046.04888916016,464.170120239258,1058.46063232422,463.895599365234,1058.49223999862,463.989745894817,-123.662328289758,3.61134852477826
508,1066.43365478516,463.983093261719,1041.44201660156,464.942840576172,1053.93783569336,464.462966918945,1054.03770370432,464.34296408501,-124.200661898707,4.25821790825794
509,1061.6416015625,463.928146362305,1037.01434326172,464.754104614258,1049.32797241211,464.341125488281,1049.47490789162,464.392291781213,-124.992710385582,3.98240851877513
510,1057.10217285156,464.05598449707,1032.73406982422,465.139129638672,1044.91812133789,464.597557067871,1045.00302116396,464.574175112908,-125.450358728922,4.10844779881088
511,1053.48199462891,464.366577148438,1028.92767333984,465.117324829102,1041.20483398438,464.74195098877,1041.02322956187,464.732966820655,-124.471429007248,4.15687651585572
512,1049.05645751953,464.16374206543,1024.37384033203,465.085723876953,1036.71514892578,464.624732971191,1036.72064240961,464.71131271377,-124.501041362078,3.69017266506614
513,1044.67156982422,463.957092285156,1019.79443359375,464.950271606445,1032.23300170898,464.453681945801,1032.2999396604,464.586138365915,-124.861867102145,2.97617283683372
514,1040.36352539063,463.764709472656,1015.75051879883,464.371444702148,1028.05702209473,464.068077087402,1028.03545615778,464.281687840242,-124.74561697805,1.8247145632032
515,1036.63775634766,463.594085693359,1011.91647338867,464.223403930664,1024.27711486816,463.908744812012,1024.09016079799,464.058748187259,-123.737850243316,1.0161287349868
516,1032.00677490234,463.667114257813,1007.64080810547,464.262176513672,1019.82379150391,463.964645385742,1019.82363555914,464.009089718416,-123.737009630702,0.77655374218863
517,1028.38754272461,464.152114868164,1003.83062744141,464.155776977539,1016.10908508301,464.153945922852,1015.91902977667,464.113309020103,-122.712525834704,0.995604970940914
518,1023.67224121094,464.519897460938,998.885864257813,464.850250244141,1011.27905273438,464.685073852539,1011.41964232887,464.500115202021,-123.470367140049,1.99261549399655
519,1019.72003173828,464.354476928711,995.258666992188,464.509704589844,1007.48934936523,464.432090759277,1007.37670651003,464.479148441116,-122.863171360524,1.73895337085827
520,1015.09973144531,464.539520263672,990.418640136719,464.322235107422,1002.75918579102,464.430877685547,1002.89025925038,464.468126820272,-123.569716406764,1.53816373927568
521,1010.76119995117,464.261383056641,985.899444580078,464.197555541992,998.330322265625,464.229469299316,998.433193409895,464.329857516614,-124.124238258369,0.997025983589219
522,1006.80023193359,463.377502441406,981.772369384766,463.92707824707,994.28630065918,463.652290344238,994.240441287702,463.897308184401,-123.877035568384,-0.323730651979169
523,1001.43048095703,463.573150634766,977.216766357422,463.657119750977,989.323623657227,463.615135192871,989.545668804289,463.708403675792,-125.073959029893,-0.826489829132088
524,997.271362304688,463.891845703125,972.856567382813,463.982147216797,985.06396484375,463.936996459961,985.122060672319,463.84851768379,-125.387121740943,-0.349549331016744
525,992.863952636719,463.64665222168,968.180725097656,463.730224609375,980.522338867188,463.688438415527,980.617334332646,463.739381748474,-125.899190132658,-0.624156865644736
526,988.729797363281,463.140625,964.341522216797,463.11279296875,976.535659790039,463.126708984375,976.44629158574,463.330154250652,-125.417455215895,-1.72081858314287
527,984.577270507813,463.294403076172,959.552551269531,463.13932800293,972.064910888672,463.216865539551,972.084403932816,463.235432567108,-125.52253151313,-1.82090323344125
528,979.637145996094,462.627914428711,955.031036376953,462.885864257813,967.334091186523,462.756889343262,967.479305819592,462.899971566982,-126.305303861786,-2.59218093422284
529,975.089111328125,462.55517578125,950.330657958984,462.712905883789,962.709884643555,462.63404083252,962.852386081581,462.694799143057,-127.073450865801,-2.9196956235796
530,970.663665771484,463.042526245117,946.288299560547,463.051605224609,958.475982666016,463.047065734863,958.474110578371,462.891183723076,-127.063359469283,-2.07942129376815
531,966.061950683594,463.198379516602,941.520874023438,463.056335449219,953.791412353516,463.12735748291,953.895071876748,463.021400791824,-127.622131038973,-1.50826695356952
532,962.531951904297,463.308181762695,937.849273681641,463.030639648438,950.190612792969,463.169410705566,949.950978627753,463.100573802723,-126.330394838835,-1.13720500909009
533,958.503723144531,462.858245849609,934.191680908203,462.940643310547,946.347702026367,462.899444580078,946.088575163649,462.9551679772,-124.933584210016,-1.43757924492948
534,954.090576171875,462.537460327148,929.634185791016,462.419723510742,941.862380981445,462.478591918945,941.834208576845,462.625546159096,-124.78172224645,-2.22972886013701
535,949.539184570313,462.578201293945,924.920318603516,462.210006713867,937.229751586914,462.394104003906,937.333561129515,462.447294340624,-125.341302488177,-2.51644875825435
536,945.063140869141,462.532897949219,920.275665283203,462.372695922852,932.669403076172,462.452796936035,932.7871181312,462.421039763967,-125.9758397118,-2.34526328168396
537,940.367523193359,462.486389160156,915.912750244141,462.508895874023,928.14013671875,462.49764251709,928.244410163341,462.443447619824,-126.537920594425,-2.05312834926034
538,936.859436035156,462.326644897461,912.191284179688,462.023071289063,924.525360107422,462.174858093262,924.303614096262,462.242928528555,-125.342609610311,-2.42005868804557
539,932.520538330078,462.667526245117,907.630859375,462.055633544922,920.075698852539,462.36157989502,920.043264728106,462.292026280257,-125.167775055265,-2.04513334316479
540,927.677032470703,462.514465332031,903.156616210938,462.153030395508,915.41682434082,462.33374786377,915.523618101758,462.295119108497,-125.743441579391,-1.83690693476766
541,923.555694580078,461.878997802734,898.851806640625,461.732360839844,911.203750610352,461.805679321289,911.198205208408,461.95232169421,-125.713549362529,-2.62737544499071
542,919.441467285156,461.573638916016,894.577301025391,461.606018066406,907.009384155273,461.589828491211,906.95909364978,461.683401267527,-125.442460862226,-3.1317749007437
543,914.895782470703,461.200134277344,890.306762695313,460.964340209961,902.601272583008,461.082237243652,902.612360792904,461.251963110238,-125.502231313172,-4.04667385003057
544,910.249298095703,461.2861328125,885.445343017578,460.754364013672,897.847320556641,461.020248413086,897.99784458767,461.051970319609,-126.313623710816,-4.21766922940841
545,905.907135009766,461.403579711914,881.450561523438,461.068450927734,893.678848266602,461.236015319824,893.666236529243,461.12262360209,-126.245640759897,-3.60643674316707
546,902.486022949219,461.001373291016,877.384002685547,460.900588989258,889.935012817383,460.950981140137,889.720924961199,460.967253514428,-125.091610684119,-3.69415217771427
547,897.804260253906,460.934234619141,873.017272949219,460.602066040039,885.410766601563,460.76815032959,885.409615257113,460.792832410891,-125.085404418404,-3.82719972493273
548,893.185974121094,461.086669921875,868.229949951172,460.997924804688,880.707962036133,461.042297363281,880.84161793207,460.91102508096,-125.80586996216,-3.1195829333263
549,888.508819580078,461.344116210938,863.903564453125,460.94645690918,876.206192016602,461.145286560059,876.308505699756,461.0276440763,-126.357386846999,-2.48543690157036
550,884.407806396484,461.156173706055,859.629577636719,460.960632324219,872.018692016602,461.058403015137,871.995517677138,461.018321858606,-126.232466708119,-2.2693813955125
551,880.267944335938,461.486099243164,855.832183837891,461.015731811523,868.050064086914,461.250915527344,867.909860129732,461.143936617432,-125.476704161773,-1.69271683492997
552,875.854461669922,461.409896850586,851.263671875,461.192291259766,863.559066772461,461.301094055176,863.567330009374,461.226920095638,-125.52124673458,-1.29288574841983
553,871.797607421875,461.158416748047,847.050872802734,461.127899169922,859.424240112305,461.143157958984,859.360493268009,461.156641774336,-125.177622500751,-1.36556959293702
554,866.892517089844,461.167510986328,841.987213134766,460.917922973633,854.439865112305,461.04271697998,854.647787206289,461.065718761917,-126.298416338169,-1.48955956894401
555,862.674713134766,460.572738647461,837.60009765625,460.660766601563,850.137405395508,460.616752624512,850.190839753927,460.753587999865,-126.586451623283,-2.22716394036151
556,857.727386474609,460.906494140625,833.073028564453,460.817581176758,845.400207519531,460.862037658691,845.546672313541,460.798284117362,-127.375962903105,-1.88350360650423
557,853.868591308594,460.649429321289,829.091064453125,460.425384521484,841.479827880859,460.537406921387,841.367830569111,460.604836132866,-126.772246893853,-2.24697745980768
558,849.306365966797,460.408920288086,824.352386474609,460.544342041016,836.829376220703,460.476631164551,836.886848700318,460.494087562423,-127.08204947298,-2.34107531532819
559,843.766815185547,460.640975952148,819.108581542969,460.640716552734,831.437698364258,460.640846252441,831.80491181954,460.562556776033,-129.061495571326,-1.91905973722689
560,839.990295410156,460.50895690918,815.201385498047,460.490371704102,827.595840454102,460.499664306641,827.512788054063,460.498534799559,-128.61380568728,-1.91297118476753
561,835.264678955078,460.903762817383,810.745239257813,460.861129760742,823.004959106445,460.882446289063,823.030037479649,460.727620732608,-128.748989426537,-1.07839162555029
562,830.568450927734,460.7353515625,805.898620605469,461.130966186523,818.233535766602,460.933158874512,818.356357072636,460.849624997259,-129.411051645462,-0.62810636222882
563,826.86767578125,461.151733398438,802.045867919922,461.07829284668,814.456771850586,461.115013122559,814.263061008712,461.016225445849,-128.36686286469,-0.0955962419875972
564,822.595733642578,461.093841552734,797.635925292969,461.046997070313,810.115829467773,461.070419311523,810.019738204946,461.050633936127,-127.848887631067,0.0110558525054458
565,817.496337890625,461.052062988281,792.909271240234,461.059661865234,805.20280456543,461.055862426758,805.343339327354,461.054194236349,-128.606433364131,0.0200481509835386
566,813.107330322266,461.383285522461,788.44189453125,461.443252563477,800.774612426758,461.413269042969,800.820736418377,461.289930785736,-128.855062475993,0.684896969960221
567,809.427856445313,461.38493347168,784.624664306641,461.58479309082,797.026260375977,461.48486328125,796.802974128818,461.42590482391,-127.651448925361,1.00270963904015
568,804.662261962891,461.944183349609,780.214965820313,461.803756713867,792.438613891602,461.873970031738,792.425737850001,461.731667120008,-127.582041255403,1.76978649680782
569,799.261962890625,461.472747802734,774.730560302734,461.989990234375,786.99626159668,461.731369018555,787.350770633601,461.752474192756,-129.493004810433,1.65602009166335
570,795.177551269531,461.055313110352,770.545684814453,461.254211425781,782.861618041992,461.154762268066,782.869835199937,461.38011827462,-129.537298996822,0.441249604651435
571,792.139038085938,461.195663452148,767.337677001953,461.084091186523,779.738357543945,461.139877319336,779.278803027912,461.227793072221,-127.06009294499,-0.0326559440902932
572,786.734375,461.268417358398,762.386688232422,461.404434204102,774.560531616211,461.33642578125,774.676472473961,461.298652121208,-127.685066445307,0.170961115453561
573,782.156585693359,460.744110107422,757.699645996094,461.230773925781,769.928115844727,460.987442016602,770.046993832489,461.096574323044,-128.325872400729,-0.417311223383243
574,777.633117675781,460.959396362305,753.044830322266,461.30632019043,765.338973999023,461.132858276367,765.436365378743,461.115418738975,-128.850855850616,-0.323304253457422
575,772.983947753906,461.280548095703,748.222564697266,461.981414794922,760.603256225586,461.630981445313,760.737467162139,461.449712959684,-129.574313313553,0.653814616966809
576,769.046569824219,461.16845703125,744.294860839844,461.738861083984,756.670715332031,461.453659057617,756.532597673576,461.460060013928,-128.829796858044,0.619310576299456
577,764.921325683594,460.728698730469,740.589172363281,461.14567565918,752.755249023438,460.937187194824,752.526368191165,461.124484262534,-127.596025971085,-0.390305069796027
578,759.755645751953,461.301132202148,735.239990234375,461.592391967773,747.497817993164,461.446762084961,747.714181719884,461.33121778569,-128.762324015227,0.232530801514271
579,755.053955078125,461.631210327148,730.421508789063,461.808700561523,742.737731933594,461.719955444336,742.922324414122,461.588930263409,-129.75736071693,0.938815605190736
580,750.972930908203,462.016479492188,726.753936767578,462.040786743164,738.863433837891,462.028633117676,738.720438438305,461.888449873948,-128.986551037382,1.69446649667974
581,746.640350341797,462.313339233398,722.213745117188,462.725830078125,734.427047729492,462.519584655762,734.373903356697,462.322487338619,-128.700078905535,2.75690990609296
582,742.814208984375,462.199783325195,718.193939208984,462.505935668945,730.50407409668,462.35285949707,730.308560017129,462.375123938535,-127.646169860617,2.63689452769404
583,737.717041015625,462.698303222656,712.936462402344,462.816192626953,725.326751708984,462.757247924805,725.526434066389,462.657032148505,-128.722547802623,3.17710274864801
584,733.479827880859,462.118148803711,709.041137695313,461.999221801758,721.260482788086,462.058685302734,721.201028095781,462.302310958159,-128.402060203331,1.86385061654333
585,727.604248046875,462.270462036133,703.050109863281,462.318481445313,715.327178955078,462.294471740723,715.824888230388,462.319288489021,-131.084937611417,1.73007715349064
586,724.547058105469,462.165588378906,699.933868408203,462.380645751953,712.240463256836,462.27311706543,711.918425004448,462.309538374956,-129.349006225902,1.53374987299085
587,719.980224609375,462.325180053711,695.268035888672,462.65495300293,707.624130249023,462.49006652832,707.566995641934,462.446138938162,-129.041024932033,1.77053939063511
588,714.379486083984,461.970336914063,690.123931884766,461.899383544922,702.251708984375,461.934860229492,702.549605294792,462.131829139705,-130.646820364864,0.708788152470828
589,709.857879638672,461.642623901367,685.494079589844,461.698348999023,697.675979614258,461.670486450195,697.802821134726,461.837669681413,-131.330553352278,-0.192404845722073
590,705.1513671875,461.158615112305,680.693328857422,461.339996337891,692.922348022461,461.249305725098,693.043432035141,461.449508805398,-131.983250776687,-1.27158971892392
591,700.850250244141,461.346252441406,676.354766845703,461.666809082031,688.602508544922,461.506530761719,688.56457509108,461.471816230418,-131.778772356507,-1.08446274263724
592,696.634338378906,462.321029663086,672.139129638672,462.232284545898,684.386734008789,462.276657104492,684.260686925542,461.986800176352,-131.099321743922,0.477996794813258
593,691.771911621094,462.301132202148,667.274475097656,462.27392578125,679.523193359375,462.287528991699,679.597814824544,462.189705214188,-131.50156508756,1.00531106376001
594,688.113708496094,461.782272338867,663.538818359375,461.861145019531,675.826263427734,461.821708679199,675.563680794089,461.960285606062,-130.086126295259,0.258318944452411
595,682.443664550781,461.590560913086,657.805755615234,461.758972167969,670.124710083008,461.674766540527,670.452769931848,461.776093935691,-131.854516800751,-0.287881403401405
596,678.121734619141,461.599075317383,653.494079589844,461.349624633789,665.807907104492,461.474349975586,665.841687427219,461.574779272632,-132.036607971595,-0.829240597454078
597,673.091369628906,461.798583984375,648.448486328125,462.093276977539,660.769927978516,461.945930480957,660.94846453289,461.808357348699,-132.99900050075,-0.0876593836734287
598,668.320648193359,462.165390014648,644.219635009766,462.041122436523,656.270141601563,462.103256225586,656.301855345051,462.000726020903,-133.16995187769,0.465024649830962
599,664.151062011719,461.977066040039,639.525543212891,461.927154541016,651.838302612305,461.952110290527,651.794074114327,461.974360058313,-132.931540331224,0.345088369177196
600,659.852294921875,461.49006652832,635.237762451172,461.528839111328,647.545028686523,461.509452819824,647.429806453771,461.673546662958,-132.310440543668,-0.539451434254817
601,655.507415771484,461.538497924805,630.917266845703,461.655868530273,643.212341308594,461.597183227539,643.093621446262,461.61706199674,-131.670486955619,-0.646606963464927
602,650.648040771484,461.791107177734,626.057830810547,461.938232421875,638.352935791016,461.864669799805,638.421877631554,461.771781697576,-132.042114561591,-0.145898209759069
603,646.033447265625,461.844192504883,621.467163085938,462.002700805664,633.750305175781,461.923446655273,633.791051381906,461.869519497749,-132.261754984826,0.144793484732458
604,642.406372070313,461.036834716797,617.899719238281,461.208419799805,630.153045654297,461.122627258301,629.835481663584,461.38138973602,-130.549941887159,-1.25005294464135
605,637.408020019531,461.566284179688,612.966613769531,461.682418823242,625.187316894531,461.624351501465,625.237715363873,461.525901067863,-130.821612361281,-0.719360716812069
606,632.363403320313,461.3837890625,607.920196533203,461.501266479492,620.141799926758,461.442527770996,620.3430685174,461.462683958434,-131.906540815659,-0.828011655405421
607,628.2197265625,462.073959350586,603.861907958984,461.68424987793,616.040817260742,461.879104614258,615.956069873663,461.725966512754,-131.449714187206,-0.00252823923816137
608,623.375,461.610198974609,599.106719970703,461.646392822266,611.240859985352,461.628295898438,611.303654275584,461.661879394725,-131.788203725132,-0.183558426825219
609,619.162872314453,461.392303466797,594.907165527344,461.358901977539,607.035018920898,461.375602722168,606.940106908274,461.471946958979,-131.27658518182,-0.702897304281607
610,614.763946533203,461.144805908203,590.033569335938,461.001327514648,602.39875793457,461.073066711426,602.403772283597,461.202000501686,-131.303614784011,-1.39790856926815
611,610.263031005859,461.530059814453,586.069183349609,461.366302490234,598.166107177734,461.448181152344,598.066287464881,461.346868287577,-130.765541523614,-0.85178654680673
612,605.042541503906,461.994033813477,580.845642089844,461.80924987793,592.944091796875,461.901641845703,593.155070180708,461.700607225736,-131.902810141378,0.231880700133652
613,600.389007568359,461.266387939453,576.299468994141,461.083526611328,588.34423828125,461.174957275391,588.434564016757,461.358612351869,-132.389706583103,-0.758102971071572
614,596.428741455078,461.382659912109,571.923797607422,461.15885925293,584.17626953125,461.27075958252,584.070660478694,461.291997621806,-131.820426171331,-0.872585578929352
615,591.389465332031,461.410400390625,566.933502197266,461.147048950195,579.161483764648,461.27872467041,579.286632701968,461.272937345786,-132.495035372396,-0.841389289733587
616,586.671234130859,461.269241333008,562.230895996094,460.97770690918,574.451065063477,461.123474121094,574.542875530772,461.1649271146,-132.989935187916,-1.06483961564308
617,583.277740478516,461.064010620117,558.852752685547,460.737655639648,571.065246582031,460.900833129883,570.683847133076,460.979084733181,-130.934020187295,-1.48665104060424
618,578.298400878906,460.539566040039,553.911163330078,460.676208496094,566.104782104492,460.607887268066,566.126841815272,460.717992945626,-131.052931974989,-2.08017028864973
619,573.801300048828,460.621627807617,549.384918212891,460.160110473633,561.593109130859,460.390869140625,561.598156480672,460.478763327646,-131.080139466298,-2.55395958766398
620,568.7314453125,460.641311645508,544.314880371094,460.530014038086,556.523162841797,460.585662841797,556.714163143831,460.518564604234,-132.109717215168,-2.19226983300371
621,564.183349609375,460.593597412109,539.837493896484,460.280151367188,552.01042175293,460.436874389648,552.061436689258,460.438971891564,-132.384710724312,-2.20357631408058
622,559.31591796875,460.291305541992,534.508392333984,460.313491821289,546.912155151367,460.302398681641,547.113240019156,460.323250077667,-133.468648829669,-2.31597474043366
623,555.308441162109,460.91943359375,531.118560791016,460.784317016602,543.213500976563,460.851875305176,542.971690361109,460.642463719162,-132.165180581397,-1.18715186937661
624,550.338958740234,460.803573608398,525.743835449219,460.513320922852,538.041397094727,460.658447265625,538.169722024635,460.638858218398,-132.856909814556,-1.08155807223624
625,545.661102294922,460.70686340332,521.122467041016,460.238815307617,533.391784667969,460.472839355469,533.459467109196,460.517139844323,-133.221748690384,-1.32035768198904
626,541.604156494141,460.348083496094,517.134613037109,460.179962158203,529.369384765625,460.264022827148,529.196011141902,460.335464380539,-132.287186685379,-1.70545986733969
627,536.374298095703,460.33283996582,511.982818603516,459.95426940918,524.178558349609,460.1435546875,524.335431488441,460.189361519406,-133.13280363685,-1.95237934534242
628,531.590728759766,459.996536254883,507.328994750977,459.884429931641,519.459861755371,459.940483093262,519.557870422664,460.002965539872,-133.661114545085,-2.28918790553574
629,527.054580688477,459.906677246094,502.885635375977,459.581039428711,514.970108032227,459.743858337402,514.962797715257,459.805864026665,-133.621708640439,-2.62342652865958
630,523.331893920898,460.097442626953,498.691864013672,459.535873413086,511.011878967285,459.81665802002,510.785865523848,459.781810267822,-132.403394272188,-2.4355814316703
631,518.475357055664,459.167510986328,493.872451782227,458.861434936523,506.173904418945,459.014472961426,506.189847868746,459.249649566273,-132.489336655423,-3.70328937153368
632,513.652923583984,459.377593994141,489.090408325195,458.89225769043,501.37166595459,459.134925842285,501.457560725145,459.13046016207,-132.952348198161,-3.67921734162617
633,509.193008422852,459.077087402344,484.665771484375,458.878204345703,496.929389953613,458.977645874023,496.909982225549,458.986574792875,-132.847731793064,-3.72734824023224
634,504.469360351563,458.815689086914,480.060699462891,458.379608154297,492.265029907227,458.597648620605,492.287054251047,458.687264642056,-132.966452936904,-4.21041900318496
635,500.059661865234,459.723587036133,475.822387695313,459.48583984375,487.941024780273,459.604713439941,487.858765444274,459.239005661395,-132.523038025619,-2.23908918134965
636,495.522537231445,459.555435180664,470.920043945313,459.027114868164,483.221290588379,459.291275024414,483.244594788824,459.24671450224,-132.648658173743,-1.99888787475497
637,490.912506103516,459.174407958984,466.490295410156,458.905166625977,478.701400756836,459.03978729248,478.690767287856,459.087280229687,-132.591338981374,-2.25489622057985
638,486.371719360352,459.15283203125,462.042617797852,458.565490722656,474.207168579102,458.859161376953,474.176705507269,458.910909325221,-132.427129288579,-2.53384099458677
639,481.203918457031,458.678176879883,456.893127441406,458.195999145508,469.048522949219,458.437088012695,469.241843175317,458.570084538806,-133.469212474196,-3.2507522376712
640,476.582260131836,459.346221923828,452.363922119141,458.948608398438,464.473091125488,459.147415161133,464.530346050976,458.910148252582,-133.777842338481,-1.97177661833875
641,472.756805419922,458.78369140625,448.590896606445,458.475128173828,460.673851013184,458.629409790039,460.413488612419,458.702626726428,-132.374371602494,-2.36644891855882
642,468.460601806641,458.687393188477,444.348709106445,457.97428894043,456.404655456543,458.330841064453,456.21337586929,458.430708348135,-131.343288380367,-2.90477860716941
643,463.334884643555,458.617279052734,438.883041381836,458.001266479492,451.108963012695,458.309272766113,451.306965119683,458.316593147133,-132.410609015008,-2.94423876158274
644,459.069061279297,457.802886962891,434.172653198242,457.263442993164,446.62085723877,457.533164978027,446.662232801784,457.767842891622,-132.633641955651,-4.2092585307402
645,453.697204589844,457.837966918945,428.841217041016,457.403747558594,441.26921081543,457.62085723877,441.551225211321,457.621490067156,-134.153826708126,-4.21266976108255
646,449.831146240234,458.125900268555,425.040054321289,457.793121337891,437.435600280762,457.959510803223,437.259955932874,457.793187417504,-133.207024476017,-3.3161117178262
647,445.782073974609,457.820159912109,421.081405639648,457.159133911133,433.431739807129,457.489646911621,433.168419238259,457.554757584065,-131.787607880122,-3.6670876003171
648,440.889862060547,457.852996826172,416.290878295898,457.316452026367,428.590370178223,457.58472442627,428.601950463061,457.530892871201,-131.850030836882,-3.37691124616704
649,435.975326538086,457.365692138672,411.521896362305,456.92854309082,423.748611450195,457.147117614746,423.854192425116,457.239119680113,-132.41915989754,-3.87284386168009
650,431.97802734375,456.777755737305,407.07991027832,456.421875,419.528968811035,456.599815368652,419.446043994935,456.773872791299,-131.972157748452,-4.81109185120887
651,426.415908813477,457.910995483398,401.576187133789,457.571716308594,413.996047973633,457.741355895996,414.305520105256,457.351300366828,-133.640352077053,-2.70851667526478
652,422.005752563477,457.564987182617,397.37126159668,456.792221069336,409.688507080078,457.178604125977,409.691509810669,457.205895044167,-133.656538148854,-2.85562702962394
653,417.475692749023,457.523147583008,393.426467895508,456.789810180664,405.451080322266,457.156478881836,405.324289135579,457.139596959632,-132.973076483217,-2.76462585698333
654,412.693176269531,457.29118347168,388.204727172852,456.575012207031,400.448951721191,456.933097839355,400.548775965216,456.971356208763,-133.511174168672,-2.97085571856187
655,408.622329711914,456.758850097656,384.144683837891,456.433120727539,396.383506774902,456.595985412598,396.232574127782,456.689913850955,-132.697579146053,-3.4771723530848
656,403.961853027344,456.904739379883,379.566665649414,456.027984619141,391.764259338379,456.466361999512,391.727275497424,456.502033092946,-132.498219567509,-3.66945563058046
657,398.731536865234,457.113357543945,374.396148681641,456.165710449219,386.563842773438,456.639533996582,386.768450751612,456.548666318488,-133.601148826398,-3.1796378739535
658,394.551620483398,456.221954345703,370.282943725586,455.638900756836,382.417282104492,455.93042755127,382.329259299663,456.105461714231,-133.126666219409,-4.12315093418343
659,389.786346435547,456.907958984375,365.599304199219,456.213577270508,377.692825317383,456.560768127441,377.708607864398,456.355143033031,-133.211741264077,-3.01473896017458
660,385.941299438477,456.705932617188,361.872894287109,455.91145324707,373.907096862793,456.308692932129,373.634529706797,456.288902006547,-131.74248139434,-2.90805694767547
661,381.095993041992,456.197387695313,356.627182006836,455.226501464844,368.861587524414,455.711944580078,368.940776121469,455.875994634482,-132.169343638134,-3.79236071011234
662,376.491271972656,455.18408203125,352.025741577148,454.581939697266,364.258506774902,454.883010864258,364.301424468022,455.179742761292,-132.400689355381,-5.39187942978352
663,372.41975402832,454.822036743164,348.017532348633,454.021057128906,360.218643188477,454.421546936035,360.052500646817,454.618494218819,-131.50510614315,-6.45351408635064
664,367.386611938477,454.828216552734,343.033294677734,454.30924987793,355.209953308105,454.568733215332,355.315913634744,454.509272776248,-132.076280080617,-6.13299550932781
665,362.298461914063,455.044357299805,337.974899291992,454.327880859375,350.136680603027,454.68611907959,350.351733563861,454.552475059064,-133.235512505616,-5.41259397939607
666,357.515777587891,455.323257446289,333.168960571289,454.876800537109,345.34236907959,455.100028991699,345.485204549927,454.847354560831,-134.005460094401,-4.05056486761129
667,354.082046508789,455.191009521484,329.716857910156,454.557418823242,341.899452209473,454.874214172363,341.543212064647,454.816901137099,-132.08516508722,-3.74162176542592
668,349.808944702148,455.142608642578,325.451721191406,454.249710083008,337.630332946777,454.696159362793,337.409462722012,454.693309902408,-130.894574986657,-3.72626188914794
669,344.417388916016,454.365631103516,320.091384887695,453.635330200195,332.254386901855,454.000480651855,332.475149764714,454.194698300546,-132.084586358133,-4.7731825871763
670,340.087677001953,453.948638916016,315.78108215332,452.854187011719,327.934379577637,453.401412963867,327.92960594632,453.617778617902,-132.058854332934,-5.93949102041474
671,335.459838867188,453.856552124023,310.555694580078,452.874435424805,323.007766723633,453.365493774414,323.134443985927,453.381832306362,-132.741701894729,-6.02756307455961
672,330.697448730469,453.573593139648,306.21418762207,452.723831176758,318.45581817627,453.148712158203,318.490689594817,453.157409952073,-132.929674564016,-6.07444810530028
673,325.955429077148,453.468994140625,301.570785522461,452.722366333008,313.763107299805,453.095680236816,313.812596444344,453.044837337823,-133.196443367443,-5.80038195496218
674,321.504119873047,453.206115722656,297.084503173828,452.034454345703,309.294311523438,452.62028503418,309.268604814028,452.697560539353,-133.057872612723,-6.21693177091332
675,316.661560058594,452.941604614258,292.22119140625,451.856094360352,304.441375732422,452.398849487305,304.523637115167,452.427873202101,-133.501298556889,-6.37338268028542
676,312.253326416016,452.689239501953,287.745956420898,451.701538085938,299.999641418457,452.195388793945,299.972282274667,452.199763852873,-133.353820435786,-6.39696622059349
677,308.99560546875,451.931625366211,284.487533569336,451.059417724609,296.741569519043,451.49552154541,296.270875129127,451.661972974385,-130.816565440825,-7.29421447473199
678,304.294845581055,452.056015014648,279.704681396484,451.287460327148,291.99976348877,451.671737670898,291.917234414021,451.581814524772,-130.371696516058,-6.80948817129769
679,299.018356323242,451.98860168457,274.351226806641,451.292770385742,286.684791564941,451.640686035156,286.938385569891,451.53961509077,-131.738682546772,-6.26467020876363
680,293.760177612305,451.648376464844,269.088973999023,451.101470947266,281.424575805664,451.374923706055,281.758780259549,451.357257809676,-133.540195244023,-6.16944306183166
681,289.216918945313,451.792816162109,264.658996582031,450.941589355469,276.937957763672,451.367202758789,277.012290443643,451.29056557493,-133.940881905235,-5.75633408558013
682,285.112884521484,450.986587524414,260.57243347168,450.269882202148,272.842658996582,450.628234863281,272.688128157804,450.787864920728,-133.107891007178,-6.61681207146675
683,280.167701721191,450.970489501953,255.715934753418,450.27912902832,267.941818237305,450.624809265137,267.995637576926,450.602401457843,-133.398001514559,-6.49602388660641
684,275.68042755127,450.90803527832,251.274223327637,450.293014526367,263.477325439453,450.600524902344,263.449236146261,450.524080476725,-133.246587558955,-6.08395396417996
685,271.908782958984,451.064010620117,247.513832092285,450.058349609375,259.711307525635,450.561180114746,259.416444859207,450.476212125363,-131.65714483508,-5.62593818984313
686,267.181419372559,450.199981689453,242.804908752441,449.274139404297,254.9931640625,449.737060546875,254.953028843278,449.92467607654,-131.440797906741,-6.63727048946888
687,262.071853637695,450.47004699707,237.734809875488,449.638748168945,249.903331756592,450.054397583008,250.081346168484,449.930987256438,-132.400375852484,-5.97203318427377
688,257.121429443359,449.945892333984,232.740127563477,448.751892089844,244.930778503418,449.348892211914,245.132120091221,449.478349269659,-133.485697794473,-6.6698650969423
689,252.60538482666,449.851226806641,227.738220214844,448.806900024414,240.171802520752,449.329063415527,240.294789393349,449.30128711281,-134.148652491826,-6.52013830112461
690,248.341842651367,449.347518920898,224.002014160156,448.478668212891,236.171928405762,448.913093566895,235.998835762549,448.9693145845,-133.21560509846,-6.82319493574398
691,243.991165161133,448.764907836914,219.663520812988,448.045349121094,231.827342987061,448.405128479004,231.682059802789,448.518321157102,-132.432463227908,-7.4333545086035
692,239.599334716797,449.031967163086,215.231857299805,448.491760253906,227.415596008301,448.761863708496,227.312291030819,448.58983431995,-131.875602819676,-6.50603853730926
693,234.673858642578,448.624710083008,210.282829284668,447.762832641602,222.478343963623,448.193771362305,222.576947698807,448.252867976752,-132.407121412158,-6.82459593549528
694,230.41529083252,448.765197753906,205.988357543945,447.658798217773,218.201824188232,448.21199798584,218.13621536638,448.145073951879,-132.053460279746,-6.46384521679651
695,225.372772216797,448.021469116211,200.498489379883,447.145233154297,212.93563079834,447.583351135254,213.158302734237,447.699960578375,-133.253762415691,-7.09242269372901
696,220.254409790039,448.491394042969,195.936416625977,447.929397583008,208.095413208008,448.210395812988,208.256452830872,447.950560815614,-134.121838594744,-5.6917948998172
697,216.063446044922,448.093154907227,191.306335449219,447.294998168945,203.68489074707,447.694076538086,203.666537519245,447.714799795486,-134.022906421404,-5.80350260119876
698,211.718338012695,448.195281982422,187.014030456543,447.672821044922,199.366184234619,447.934051513672,199.255668118051,447.789723791366,-133.42717472204,-5.02551110145643
699,206.697273254395,447.331848144531,182.064605712891,447.086883544922,194.380939483643,447.209365844727,194.475165296356,447.349457736168,-133.935094338428,-5.78066956293075
700,201.980834960938,447.262451171875,177.373687744141,446.894515991211,189.677261352539,447.078483581543,189.739020190941,447.103138851518,-134.268002324109,-5.91357258501234
701,197.649192810059,446.959060668945,173.088455200195,446.453643798828,185.368824005127,446.706352233887,185.27943580991,446.772728866546,-133.786159647282,-6.27137256387561
702,192.705986022949,447.136001586914,168.203048706055,446.535522460938,180.454517364502,446.835762023926,180.527340739478,446.739644819775,-134.178710474031,-5.75325749482421
703,188.774993896484,446.740310668945,164.328010559082,446.03987121582,176.551502227783,446.390090942383,176.327454855049,446.442114858008,-132.970994113361,-6.03368985732175
704,184.27799987793,446.451599121094,159.863189697266,445.666931152344,172.070594787598,446.059265136719,171.957593765948,446.11941989664,-132.361867655178,-6.35795113672505
705,178.699195861816,447.122940063477,154.276588439941,446.238693237305,166.487892150879,446.680816650391,166.799521191187,446.412159356058,-134.04168869413,-4.90976718428944
706,174.679306030273,446.816452026367,150.275985717773,446.404830932617,162.477645874023,446.610641479492,162.374313704901,446.484067870456,-133.484681710698,-4.22747836029229
707,170.80158996582,446.531478881836,146.36157989502,445.590560913086,158.58158493042,446.061019897461,158.302756291414,446.15644379903,-131.981669624273,-4.7418562158205
708,165.330924987793,446.537857055664,140.907348632813,446.135681152344,153.119136810303,446.336769104004,153.33682214517,446.218436842707,-133.155091732239,-4.10399197211519
709,160.579719543457,445.943664550781,136.094917297363,445.57878112793,148.33731842041,445.761222839355,148.477714671645,445.869870485101,-133.911890830232,-4.68965177126612
710,156.243690490723,446.778869628906,131.801399230957,446.471221923828,144.02254486084,446.625045776367,143.966626556782,446.309497489569,-133.610465958126,-2.98870422656944
711,151.218879699707,446.809112548828,126.798431396484,446.676391601563,139.008655548096,446.742752075195,139.129354186803,446.558178968949,-134.26108604306,-1.99377196097985
712,146.746295928955,445.906707763672,122.436496734619,445.486480712891,134.591396331787,445.696594238281,134.55982566352,445.969449330635,-134.090905906071,-3.46458393751233
713,142.66939163208,446.135131835938,117.938228607178,445.954620361328,130.303810119629,446.044876098633,130.177228127897,445.977802607809,-133.408571895568,-3.10302757893346
714,137.845844268799,446.427230834961,113.183013916016,445.980026245117,125.514429092407,446.203628540039,125.535939756659,446.089085630668,-133.524524074918,-2.48558965070196
715,133.576629638672,445.869552612305,108.939353942871,445.689834594727,121.257991790771,445.779693603516,121.145679298935,445.856674138547,-132.919109102882,-2.90054944458944
716,127.818511962891,446.139572143555,103.29976272583,445.70036315918,115.55913734436,445.919967651367,115.904364226406,445.863763404792,-134.780037657865,-2.59758321338877
717,123.614608764648,446.148620605469,99.2389450073242,445.988800048828,111.426776885986,446.068710327148,111.368271054647,445.967351221182,-134.46466484701,-2.05121193000701
718,119.985424041748,446.028594970703,95.7251243591309,445.723388671875,107.855274200439,445.875991821289,107.468545618309,445.883090964982,-132.3800234157,-2.08947951547555
719,115.515029907227,446.098190307617,90.9032287597656,445.691314697266,103.209129333496,445.894752502441,103.104021263007,445.865942691364,-131.813443523159,-1.93418164359244
720,109.641574859619,445.743011474609,85.1450157165527,445.680999755859,97.3932952880859,445.712005615234,97.7943815631812,445.742029800441,-133.97547939335,-2.09602553958329
721,104.903450012207,445.921737670898,80.4689826965332,445.732925415039,92.6862163543701,445.827331542969,92.8542728467414,445.773100652776,-134.881379662908,-1.8036965890588
722,100.356872558594,447.159606933594,75.9782562255859,446.981140136719,88.1675643920898,447.070373535156,88.1798252742599,446.602509974373,-134.947471346164,0.718298960475317
723,96.3216552734375,446.990829467773,72.0040855407715,446.801696777344,84.1628704071045,446.896263122559,83.9438501808605,446.803691769353,-133.766853571785,1.21730029412965
724,93.0439949035645,446.91845703125,68.4217987060547,447.259429931641,80.7328968048096,447.088943481445,80.2505006055786,447.005219708265,-131.16652054834,1.66860918212684
725,87.4797515869141,446.17008972168,63.5570831298828,446.665344238281,75.5184173583984,446.41771697998,75.590379385376,446.63970887358,-131.554428321,0.471972780797109
726,81.384241104126,446.004837036133,57.1026515960693,446.044494628906,69.2434463500977,446.02466583252,69.8665581228254,446.24193492958,-134.913281733413,-0.699205617709411
727,77.1019039154053,446.761215209961,53.0247135162354,446.874847412109,65.0633087158203,446.818031311035,65.1152987636064,446.611469130196,-135.193531532984,0.41425767467638
728,73.2012519836426,447.163650512695,48.7615718841553,446.883377075195,60.9814119338989,447.023513793945,60.7997139620763,446.886624076361,-134.21409753832,1.15215497522152
729,69.0997085571289,447.297729492188,44.9015121459961,447.138092041016,57.0006103515625,447.217910766602,56.7153194283597,447.117570882494,-132.676250826268,1.69303219322368
730,64.671350479126,447.544418334961,40.6456260681152,447.563095092773,52.6584882736206,447.553756713867,52.480144784765,447.423734371552,-131.714899007313,2.39391124460797
731,61.2956867218018,446.815078735352,37.0326385498047,446.997207641602,49.1641626358032,446.906143188477,48.742263412776,447.112682285926,-129.440671963335,1.28057238209933
